8821561
4410822
7985077
9772763
4410591
9688944
3338506
3090137
7083365
6329980
2375329
6797642
8120219
6331004
3582770
3245422
9934472
8022913
2972828
1241954
1543795
8514017
9598720
9109942
2388813
4225115
7811069
9621853
1827838
7548433
5273283
7782141
2726666
8913651
7015446
6271079
4072992
9112125
3471393
3204576
6840575
8680598
1413812
4027998
8699013
2231833
3810140
6868878
3850134
7533745
9562590
4760402
3135205
7440542
5056912
6804745
6469922
6096084
7930643
2195590
2123776
4134402
5005040
6385314
1621090
2639600
2677006
3559212
6946337
7935425
3337613
7791103
5289724
8335192
7197699
8373421
7116957
2886679
8308561
7687703
1406404
8393283
1556001
9815390
3781778
1997315
8390782
6356596
3289588
6395015
6189263
6880076
8252778
4824134
1226161
3638512
4823027
1679455
9993008
4768112
